5555550000000004000000000
5555550000000000000000000
5555550000000400000000400
3333333333333333330000000
0000000000000000030000000
0000000000000000000000000
0000000400000000000000000
0040000000000000004000000
0000000000000000000000000
0000003333333333333333333
0000000000000000000222222
0040000000000004000222222
0000000000000000000222222
3333333300040000333333333
0000000000000000000000000
0004000000040000000000000
0000000000000000000040000
0000003333333333300000000
0040000000000000000000000
0000000000000000000400000
0000000000000000000000000
0000003333333000000000000
0000000000000000000000000
0000000000000000000000000
0000000000000000000000000