0000055555555555555500000
0000055555555555555500000
0000000000003000000000000
0000000000003000040000000
3333333333003000000000000
0000300003003333330000200
0030000300003000000000000
0033333333333000000000000
0000000000000000000033333
0022200000000000000000000
0222220000000000000000000
0022200000003000002200000
0000000000003000002200000
3333333300003000000000000
0000000000003000000000000
0000004000003000000000000
0000000000003000000000000
0000000000003000000000000
0000033333333333333300000
0000000000000000000000000
0000000000000000000000000
0000000000000000000000000
0000000000000000300000000
0000000000000000300000000
0000000000000000300000000