0000000000000000000000000
0004000000300030333333300
0000000000300030000000000
0003333333355533333333300
0003000000055500300030300
0003033333355530003000300
0003032220330333333330300
0003032220000030000000300
0003033333333030033333300
0003000000000030000000000
0003333330003333333300000
0000003000000300000304000
0400303000000300000300000
0000303000333300300333300
2222303000000000300000000
2222300003330033300222200
2222333000030032300222200
3333300000030000333333333
0040003033333030000000000
0000003030000030000000000
0033333030333333330333300
0030000000000000000022300
0030333333300033333333300
0000000300000000300300000
0000300003000030003000000